# Created by Octave 6.4.0, Wed Feb 16 16:06:19 2022 GMT <unknown@PREZZANI>
# name: Tx
# type: matrix
# rows: 1
# columns: 5
 2 9 12 23 56


# name: Tx_err
# type: matrix
# rows: 1
# columns: 5
 2 9 5 23 56


