# Created by Octave 6.4.0, Wed Feb 16 16:07:41 2022 GMT <unknown@PREZZANI>
# name: Tx
# type: matrix
# rows: 1
# columns: 5
 4 12 20 36 88


# name: Tx_err
# type: matrix
# rows: 1
# columns: 5
 4 7 20 36 88


