# Created by Octave 6.4.0, Wed Feb 16 16:08:20 2022 GMT <unknown@PREZZANI>
# name: Tx
# type: matrix
# rows: 1
# columns: 5
 9 3 5 17 30


# name: Tx_err
# type: matrix
# rows: 1
# columns: 5
 1 3 5 17 30


