# Created by Octave 6.4.0, Mon Apr 04 13:52:59 2022 GMT <unknown@OP-ASUS-MAESC>
# name: y
# type: matrix
# rows: 1
# columns: 1001
 0 0.3090169943749474 0.58778525229247314 0.80901699437494745 0.95105651629515353 1 0.95105651629515364 0.80901699437494745 0.58778525229247325 0.30901699437494751 1.2246063538223773e-16 -0.30901699437494728 -0.58778525229247303 -0.80901699437494734 -0.95105651629515353 -1 -0.95105651629515364 -0.80901699437494756 -0.58778525229247336 -0.30901699437494762 -2.4492127076447545e-16 0.30901699437494717 0.58778525229247292 0.80901699437494723 0.95105651629515353 1 0.95105651629515364 0.80901699437494767 0.58778525229247336 0.30901699437494778 3.6738190614671318e-16 -0.30901699437494706 -0.5877852522924728 -0.80901699437494723 -0.95105651629515342 -1 -0.95105651629515375 -0.80901699437494767 -0.58778525229247347 -0.3090169943749479 -4.898425415289509e-16 0.30901699437494695 0.58778525229247269 0.80901699437494712 0.95105651629515342 1 0.95105651629515375 0.80901699437494778 0.58778525229247358 0.30901699437494801 6.1230317691118863e-16 -0.30901699437494512 -0.58778525229247258 -0.80901699437494812 -0.95105651629515342 -1 -0.95105651629515375 -0.80901699437494679 -0.58778525229247369 -0.30901699437494978 -7.3476381229342635e-16 0.30901699437494839 0.58778525229247247 0.8090169943749459 0.95105651629515331 1 0.95105651629515386 0.80901699437494901 0.5877852522924738 0.30901699437494656 8.5722444767566408e-16 -0.3090169943749449 -0.58778525229247247 -0.8090169943749479 -0.95105651629515331 -1 -0.95105651629515386 -0.8090169943749469 -0.58778525229247391 -0.30901699437495006 -9.7968508305790181e-16 0.30901699437494817 0.58778525229247236 0.80901699437494579 0.95105651629515331 1 0.95105651629515386 0.80901699437494912 0.58778525229247403 0.30901699437494679 1.1021457184401395e-15 -0.30901699437494468 -0.58778525229247225 -0.80901699437494778 -0.9510565162951532 -1 -0.95105651629515398 -0.80901699437494712 -0.58778525229247414 -0.30901699437495028 -1.2246063538223773e-15 0.30901699437494795 0.58778525229246925 0.80901699437494567 0.9510565162951532 1 0.95105651629515287 0.80901699437494923 0.58778525229247425 0.30901699437494701 4.8997806680051159e-15 -0.30901699437494445 -0.58778525229247203 -0.80901699437494767 -0.9510565162951542 -1 -0.95105651629515398 -0.80901699437494723 -0.58778525229247713 -0.3090169943749505 -1.4695276245868527e-15 0.30901699437494773 0.5877852522924748 0.80901699437494545 0.95105651629515309 1 0.9510565162951552 0.80901699437494934 0.58778525229247436 0.30901699437494723 -1.9607254188314105e-15 -0.30901699437494423 -0.5877852522924718 -0.80901699437494756 -0.95105651629515198 -1 -0.95105651629515409 -0.80901699437494734 -0.58778525229247158 -0.30901699437495073 -1.7144488953513282e-15 0.30901699437494745 0.58778525229246881 0.80901699437494534 0.95105651629515298 1 0.95105651629515298 0.80901699437494956 0.58778525229247458 0.30901699437494745 5.3896232095340668e-15 -0.30901699437494395 -0.58778525229247158 -0.80901699437494734 -0.95105651629515409 -1 -0.9510565162951542 -0.80901699437494756 -0.58778525229247758 -0.30901699437495095 -1.9593701661158036e-15 0.30901699437494723 0.58778525229247436 0.80901699437494523 0.95105651629515298 1 0.95105651629515531 0.80901699437494967 0.5877852522924748 0.30901699437494773 -1.4708828773024596e-15 -0.30901699437494373 -0.58778525229247147 -0.80901699437494723 -0.95105651629515187 -1 -0.9510565162951542 -0.80901699437494767 -0.58778525229247203 -0.30901699437495123 -2.2042914368802791e-15 0.30901699437494701 0.58778525229246847 0.80901699437494501 0.95105651629515287 1 0.9510565162951532 0.80901699437494978 0.58778525229247502 0.30901699437494795 5.8794657510630177e-15 -0.30901699437494351 -0.58778525229247125 -0.80901699437494712 -0.95105651629515398 -1 -0.95105651629515431 -0.80901699437494778 -0.58778525229247791 -0.30901699437495145 -2.4492127076447545e-15 0.30901699437494679 0.58778525229247403 0.8090169943749449 0.95105651629515064 1 0.95105651629515542 0.80901699437495 0.58778525229247514 0.30901699437494817 -9.8104033577350869e-16 -0.30901699437495006 -0.5877852522924768 -0.80901699437494279 -0.95105651629515164 -1 -0.95105651629515442 -0.8090169943749479 -0.58778525229247236 -0.3090169943749449 -9.7995613360102318e-15 0.30901699437493979 0.58778525229246803 0.80901699437494479 0.95105651629515275 1 0.95105651629515331 0.8090169943749459 0.58778525229246958 0.30901699437495517 6.3693082925919686e-15 -0.30901699437494307 -0.58778525229247081 -0.80901699437494679 -0.95105651629515375 -1 -0.95105651629515664 -0.80901699437495223 -0.58778525229247836 -0.30901699437495189 -2.9390552491737054e-15 0.30901699437494629 0.58778525229247358 0.80901699437494878 0.95105651629515486 1 0.95105651629515564 0.80901699437495023 0.58778525229247558 0.30901699437494862 -4.9119779424455778e-16 -0.30901699437494956 -0.58778525229246492 -0.80901699437494246 -0.95105651629515153 -1 -0.95105651629515453 -0.80901699437494823 -0.5877852522924728 -0.3090169943749454 3.921450837662821e-15 0.30901699437493929 0.5877852522924677 0.80901699437494445 0.95105651629515253 1 0.95105651629515353 0.80901699437494623 0.58778525229248157 0.30901699437495561 6.8591508341209195e-15 -0.30901699437494257 -0.58778525229247047 -0.80901699437494645 -0.95105651629515364 -1 -0.95105651629515242 -0.80901699437495256 -0.5877852522924788 -0.30901699437495234 -3.4288977907026563e-15 0.30901699437494584 0.58778525229247325 0.80901699437494856 0.95105651629515031 1 0.95105651629515575 0.80901699437495056 0.58778525229247602 0.30901699437494912 -1.3552527156068805e-18 -0.30901699437494912 -0.58778525229247602 -0.80901699437494223 -0.95105651629515131 -1 -0.95105651629515464 -0.80901699437494856 -0.58778525229247325 -0.30901699437494584 -1.0779246419068134e-14 0.30901699437493885 0.58778525229246725 0.80901699437494423 0.95105651629515242 1 0.95105651629515364 0.80901699437494645 0.58778525229247047 0.30901699437495611 7.3489933756498704e-15 -0.30901699437494212 -0.58778525229247003 -0.80901699437494623 -0.95105651629515353 -1 -0.95105651629515697 -0.80901699437495289 -0.58778525229247913 -0.30901699437495284 -3.9187403322316072e-15 0.3090169943749454 0.5877852522924728 0.80901699437494823 0.95105651629515453 1 0.95105651629515586 0.80901699437495078 0.58778525229247636 0.30901699437494956 4.8848728881334402e-16 -0.30901699437494862 -0.58778525229246414 -0.8090169943749419 -0.9510565162951512 -1 -0.95105651629515486 -0.80901699437494878 -0.58778525229247358 -0.30901699437494629 2.9417657546049192e-15 0.3090169943749384 0.58778525229246692 0.8090169943749439 0.95105651629515231 1 0.95105651629515375 0.80901699437494679 0.58778525229248235 0.30901699437495656 7.8388359171788213e-15 -0.30901699437494162 -0.5877852522924697 -0.8090169943749459 -0.95105651629515331 -1 -0.95105651629515275 -0.80901699437495311 -0.58778525229247958 -0.30901699437495328 -4.4085828737605581e-15 0.3090169943749449 0.58778525229247247 0.8090169943749479 0.95105651629514998 1 0.95105651629515608 0.80901699437495111 0.5877852522924768 0.30901699437495 9.7832983034229493e-16 -0.30901699437494817 -0.58778525229247525 -0.80901699437494157 -0.95105651629515109 -1 -0.95105651629515497 -0.80901699437494912 -0.58778525229247403 -0.30901699437494679 -1.1758931502126035e-14 0.3090169943749379 0.58778525229246648 0.80901699437494368 0.95105651629515209 1 0.95105651629515398 0.80901699437494712 0.58778525229247125 0.309016994374957 8.3286784587077722e-15 -0.30901699437494118 -0.58778525229246925 -0.80901699437494567 -0.9510565162951532 -1 -0.95105651629515731 -0.80901699437495345 -0.58778525229247991 -0.30901699437495378 -4.898425415289509e-15 0.30901699437494445 0.58778525229247203 0.80901699437494767 0.9510565162951542 1 0.9510565162951562 0.80901699437495145 0.58778525229248868 0.3090169943749505 1.567902708707325e-14 -0.30901699437494773 -0.58778525229246326 -0.80901699437494967 -0.95105651629515087 -1 -0.9510565162951552 -0.80901699437495778 