# Created by Octave 6.4.0, Wed May 18 15:33:14 2022 GMT <unknown@PREZZANI>
# name: t
# type: range
# base, limit, increment
0 3.1400000000000001 0.01


# name: y
# type: complex matrix
# rows: 1
# columns: 315
 (1.6975149078505669,0) (1.3714878778396027,1.1180339887498949) (0.46920252786678668,1.5388417685876268) (-0.4389504216507692,1.1180339887498953) (-0.62367325665279993,0.36327126400268051) (-0.050183860853548333,0) (0.39328900371001485,0.36327126400267962) (0.15106875406451281,1.1180339887498947) (-0.26977076279617551,1.5388417685876268) (-1.3878159736977009,1.1180339887498962) (-1.8208388969952125,4.898425415289509e-16) (-1.2775603867064791,-1.1180339887498945) (-0.54097415311008046,-1.5388417685876274) (0.25627067198211839,-1.1180339887498953) (0.95163099375936178,-0.36327126400268084) (-0.12432673110084475,0) (-0.3540776534768354,-0.36327126400268006) (-0.5714639339397245,-1.1180339887498927) (0.53065986204481375,-1.5388417685876257) (1.2149721410393901,-1.1180339887498965) (2.0061645674504831,-9.7968508305790181e-16) (1.6734838436893371,1.1180339887498931) (0.5859507258384733,1.5388417685876268) (-0.30410309091300736,1.1180339887498971) (-0.78195577375699032,0.36327126400268395) (-0.32355781943313949,0) (0.35302601499420683,0.36327126400267973) (0.1994085499808336,1.1180339887498925) (-0.23704654005134734,1.5388417685876266) (-1.3280964676690545,1.1180339887498989) (-1.9705399598186932,5.0222413033873536e-15) (-1.5881099398418694,-1.1180339887498927) (-0.9152021637871951,-1.5388417685876268) (0.74732639697343572,-1.1180339887498976) (0.46908762220835537,-0.36327126400268417) (-0.26222466695605307,0) (-0.25177284824937457,-0.36327126400267384) (-0.33155358216290493,-1.1180339887498922) (0.8082167396727834,-1.5388417685876257) (2.3680013971357967,-1.1180339887498951) (1.9831880278764655,-1.9593701661158036e-15) (1.4054754874810191,1.118033988749894) (0.58287873225116138,1.5388417685876279) (-0.10663936997141293,1.1180339887499011) (-0.12010324583251081,0.36327126400268162) (0.46950880073738616,0) (0.32358126747826665,0.3632712640026764) (0.4485345142976131,1.118033988749894) (-0.30364090444350239,1.5388417685876243) (-1.5592097309565867,1.1180339887498976) (-1.8303070967143062,6.0019263864452554e-15) (-1.3864203166301414,-1.1180339887498918) (-0.79098319873501777,-1.5388417685876268) (-0.065509387941471764,-1.1180339887498991) (0.58774511645546579,-0.36327126400268472) (-0.11787079879935307,0) (-0.49247326807977432,-0.36327126400267895) (0.07868165681755096,-1.1180339887498973) (0.37557650558868771,-1.5388417685876234) (1.698932567615915,-1.1180339887499016) (2.5191534185382469,-1.0044482606774707e-14) (1.2216998897546931,1.118033988749886) (1.0222152370556215,1.5388417685876279) (-0.42006749475081273,1.1180339887499027) (-0.48017627959416631,0.36327126400268206) (-0.25655722492982508,0) (0.0097807266846945962,0.36327126400267595) (0.25787303374135817,1.1180339887498936) (-0.92622678891099219,1.5388417685876243) (-1.9342049361943752,1.1180339887498967) (-2.0597436509894109,-3.6765295668983455e-15) (-1.7676531505697297,-1.1180339887498878) (-0.34727970369141992,-1.5388417685876312) (0.25466961788735198,-1.1180339887499042) (0.32433436734476351,-0.36327126400268528) (0.1873027178286128,0) (-0.78074159825427825,-0.36327126400267273) (-0.70072952858640991,-1.11803398874989) (0.50188294058659277,-1.5388417685876277) (1.7804507652430555,-1.1180339887498989) (1.8892726370163935,-3.9187403322316072e-15) (1.4316634302281208,1.1180339887498969) (0.98128125250791365,1.5388417685876308) (-0.54522440638528602,1.1180339887498965) (-0.54105562084560854,0.36327126400268839) (-0.12662180151370112,0) (0.21027925880833792,0.36327126400266951) (0.20723626175353518,1.1180339887498885) (-0.77900260010801881,1.5388417685876266) (-1.3481298815968668,1.1180339887499013) (-2.0686008498707138,7.9612965525610591e-15) (-1.1884902362837564,-1.1180339887498945) (-0.5799272036166444,-1.5388417685876292) (0.47814090633594236,-1.1180339887499002) (0.34416800138411308,-0.36327126400268106) (0.077254278007091545,0) (-0.81700436047204406,-0.36327126400266652) (-0.072934332065169749,-1.1180339887498847) (1.1023447128130732,-1.5388417685876254) (2.106351283734059,-1.1180339887499071) (2.1289636931579912,-1.2003852772890511e-14) (1.2994591154454285,1.1180339887498922) (0.59919411393289057,1.538841768587633) (-0.10600036633409066,1.1180339887499018) (-0.49596005611085059,0.36327126400268317) (-0.065625385839629499,0) (0.20705290185601261,0.36327126400267373) (0.19927026509952339,1.1180339887498905) (-1.0875238394932829,1.5388417685876243) (-1.2440756797780208,1.1180339887498978) (-2.3022455713685113,-1.7171594007825419e-15) (-1.0851748431582908,-1.1180339887498931) (-0.60107139030195489,-1.538841768587627) (0.3549203098659891,-1.118033988749894) (0.28749301982203024,-0.36327126400267584) (-0.22240357013492321,0) (-0.61837616857764033,-0.36327126400266019) (-0.24030237456125331,-1.1180339887498796) (0.58174609884108108,-1.5388417685876261) (1.824466853723129,-1.118033988749912) (1.9327433750318168,-2.0088965213549415e-14) (1.995588139641121,1.1180339887498874) (0.43309745359531193,1.5388417685876294) (-0.031148721221695985,1.1180339887499091) (-0.44506531166255825,0.36327126400268939) (0.53635486752157813,0) (0.63897844059043196,0.36327126400266752) (0.66679321814059422,1.1180339887498874) (-0.094834405044001369,1.5388417685876266) (-1.3415870348031023,1.1180339887499027) (-2.0461665547967431,6.3679530398763617e-15) (-1.7690526516678036,-1.11803398874989) (-0.26014831534684135,-1.5388417685876292) (0.36586654893230364,-1.1180339887499013) (0.3963691172188496,-0.36327126400268217) (-0.0807963947570908,0) (-0.099639168202847128,-0.36327126400266541) (-0.38537343232145532,-1.1180339887498951) (0.36230789954592024,-1.5388417685876226) (2.3066964916645891,-1.1180339887498849) (2.3436285291186358,7.3530591337966911e-15) (1.373709053056045,1.1180339887498674) (0.68200168695931185,1.5388417685876274) (-0.22408847943489971,1.1180339887499162) (-0.21292855884655448,0.36327126400270715) (-0.061626027063655595,0) (0.44577998476242597,0.36327126400266341) (0.85650217334513723,1.1180339887498665) (-0.46808534725572387,1.5388417685876243) (-1.7178299913879318,1.1180339887499073) (-1.8766044244470317,3.5769347553338271e-14) (-1.5357879824443523,-1.1180339887498849) (-0.05961273456708277,-1.5388417685876312) (0.67894643047805303,-1.1180339887498951) (0.036014929085548375,-0.36327126400268839) (-0.040732715368364002,0) (-0.38062909642636916,-0.36327126400268217) (-0.84955432090264604,-1.1180339887498878) (0.92325462395240976,-1.5388417685876203) (1.3667729021244854,-1.11803398874989) (2.0500843263967514,-7.8374806644632145e-15) (1.5900264611793271,1.118033988749886) (0.27891771250889241,1.5388417685876266) (-0.96471501273636884,1.1180339887499007) (-0.64966638653706354,0.36327126400269272) (-0.43961392500517038,0) (0.65761110348243212,0.36327126400267795) (0.51981962980451257,1.1180339887498862) (-0.59539689202974266,1.5388417685876221) (-1.8007744974302615,1.1180339887499124) (-2.2382596933470005,1.5432750563593167e-14) (-1.4365635681230031,-1.1180339887498802) (-0.52969434600428422,-1.5388417685876337) (0.44526720425075861,-1.1180339887499025) (0.81730361127543893,-0.3632712640026925) (-0.10121722034208337,0) (-0.15815220614838399,-0.36327126400267584) (-0.23114015621462675,-1.1180339887498805) (0.73359479123612181,-1.5388417685876181) (1.8320181297431306,-1.1180339887499016) (1.918940575776364,-1.5922593105122118e-14) (1.272774706623828,1.1180339887498811) (0.24951931585552384,1.5388417685876288) (-0.17909598212250402,1.1180339887499082) (-0.93989649306504608,0.36327126400269671) (-0.29434360890413452,0) (0.48545502065094109,0.36327126400267162) (0.27127463973414373,1.1180339887498747) (-0.37415253121110092,1.538841768587623) (-1.7523573258186289,1.1180339887499005) (-1.6682659636795207,1.6412435646651069e-14) (-1.5036672871809778,-1.1180339887498989) (-0.39956336732368802,-1.5388417685876359) 