# Created by Octave 6.4.0, Mon Jun 20 12:18:06 2022 GMT <unknown@PREZZANI>
# name: signal
# type: matrix
# rows: 1
# columns: 501
 0 0.062790519529313374 0.12533323356430426 0.18738131458572463 0.24868988716485479 0.3090169943749474 0.36812455268467797 0.42577929156507272 0.48175367410171532 0.53582679497899666 0.58778525229247314 0.63742398974868975 0.68454710592868873 0.72896862742141155 0.77051324277578925 0.80901699437494745 0.84432792550201508 0.87630668004386369 0.90482705246601958 0.92977648588825146 0.95105651629515353 0.96858316112863108 0.98228725072868872 0.99211470131447788 0.99802672842827156 1 0.99802672842827156 0.99211470131447776 0.98228725072868861 0.96858316112863108 0.95105651629515353 0.92977648588825135 0.90482705246601947 0.87630668004386347 0.84432792550201496 0.80901699437494745 0.77051324277578925 0.72896862742141144 0.6845471059286885 0.63742398974868952 0.58778525229247325 0.53582679497899666 0.48175367410171521 0.42577929156507249 0.36812455268467775 0.30901699437494712 0.24868988716485482 0.18738131458572457 0.12533323356430409 0.062790519529313138 -3.2162857446782489e-16 -0.062790519529313346 -0.12533323356430429 -0.18738131458572477 -0.24868988716485502 -0.30901699437494773 -0.36812455268467831 -0.42577929156507266 -0.48175367410171538 -0.53582679497899677 -0.58778525229247336 -0.63742398974868997 -0.68454710592868873 -0.72896862742141155 -0.77051324277578936 -0.80901699437494734 -0.8443279255020153 -0.87630668004386358 -0.9048270524660198 -0.92977648588825146 -0.95105651629515353 -0.96858316112863119 -0.98228725072868872 -0.99211470131447788 -0.99802672842827156 -1 -0.99802672842827156 -0.99211470131447788 -0.98228725072868861 -0.96858316112863108 -0.95105651629515364 -0.92977648588825124 -0.90482705246601958 -0.87630668004386336 -0.84432792550201496 -0.80901699437494701 -0.77051324277578903 -0.72896862742141155 -0.68454710592868828 -0.63742398974868963 -0.58778525229247258 -0.53582679497899632 -0.48175367410171532 -0.42577929156507222 -0.36812455268467786 -0.30901699437494679 -0.24868988716485449 -0.18738131458572468 -0.12533323356430379 -0.062790519529313263 6.4325714893564978e-16 0.062790519529313665 0.12533323356430418 0.18738131458572507 0.24868988716485488 0.30901699437494801 0.3681245526846782 0.42577929156507255 0.48175367410171566 0.53582679497899666 0.58778525229247358 0.63742398974868986 0.68454710592868928 0.72896862742141177 0.77051324277578925 0.80901699437494778 0.84432792550201519 0.87630668004386392 0.90482705246601969 0.92977648588825146 0.95105651629515375 0.96858316112863119 0.98228725072868883 0.99211470131447788 0.99802672842827156 1 0.99802672842827156 0.99211470131447776 0.98228725072868861 0.96858316112863108 0.95105651629515364 0.92977648588825101 0.90482705246601924 0.87630668004386336 0.84432792550201508 0.80901699437494767 0.77051324277578859 0.728968627421411 0.68454710592868839 0.63742398974868975 0.58778525229247336 0.53582679497899566 0.48175367410171466 0.42577929156507233 0.36812455268467797 0.30901699437494778 0.24868988716485377 0.18738131458572393 0.1253332335643039 0.062790519529313388 3.6738190614671318e-16 -0.062790519529314429 -0.12533323356430492 -0.18738131458572496 -0.24868988716485477 -0.30901699437494706 -0.36812455268467892 -0.42577929156507327 -0.48175367410171555 -0.53582679497899655 -0.5877852522924728 -0.63742398974869052 -0.68454710592868917 -0.72896862742141177 -0.77051324277578925 -0.80901699437494823 -0.84432792550201563 -0.87630668004386392 -0.90482705246601969 -0.92977648588825135 -0.95105651629515398 -0.96858316112863141 -0.98228725072868883 -0.99211470131447788 -0.99802672842827156 -1 -0.99802672842827145 -0.99211470131447776 -0.98228725072868861 -0.96858316112863119 -0.9510565162951532 -0.92977648588825101 -0.90482705246601924 -0.87630668004386347 -0.84432792550201508 -0.80901699437494667 -0.77051324277578859 -0.72896862742141111 -0.6845471059286885 -0.63742398974868975 -0.58778525229247203 -0.53582679497899577 -0.48175367410171477 -0.42577929156507244 -0.36812455268467809 -0.30901699437494617 -0.24868988716485388 -0.18738131458572405 -0.12533323356430401 -0.062790519529313513 1.2865142978712996e-15 0.062790519529314304 0.12533323356430481 0.18738131458572485 0.24868988716485466 0.30901699437494862 0.36812455268467881 0.42577929156507316 0.48175367410171543 0.53582679497899643 0.58778525229247414 0.63742398974869041 0.68454710592868906 0.72896862742141166 0.77051324277578914 0.80901699437494812 0.84432792550201552 0.87630668004386381 0.90482705246601958 0.92977648588825135 0.95105651629515398 0.9685831611286313 0.98228725072868883 0.99211470131447788 0.99802672842827167 1 0.99802672842827156 0.99211470131447776 0.98228725072868861 0.96858316112863074 0.9510565162951532 0.92977648588825113 0.90482705246601935 0.87630668004386347 0.8443279255020143 0.80901699437494667 0.7705132427757887 0.72896862742141122 0.68454710592868862 0.63742398974868852 0.58778525229247214 0.53582679497899588 0.48175367410171488 0.42577929156507255 0.36812455268467653 0.30901699437494629 0.24868988716485399 0.18738131458572418 0.12533323356430415 0.062790519529311861 -1.1640536624890618e-15 -0.062790519529314179 -0.1253332335643047 -0.18738131458572471 -0.24868988716485624 -0.30901699437494851 -0.3681245526846787 -0.42577929156507305 -0.48175367410171532 -0.53582679497899643 -0.58778525229247258 -0.63742398974869163 -0.68454710592869028 -0.72896862742141277 -0.77051324277579014 -0.80901699437494812 -0.84432792550201552 -0.87630668004386381 -0.90482705246601958 -0.92977648588825135 -0.95105651629515342 -0.96858316112863174 -0.98228725072868905 -0.9921147013144781 -0.99802672842827167 -1 -0.99802672842827156 -0.99211470131447776 -0.98228725072868872 -0.96858316112863119 -0.95105651629515375 -0.92977648588825046 -0.90482705246601858 -0.8763066800438627 -0.8443279255020143 -0.80901699437494679 -0.77051324277578881 -0.72896862742141122 -0.68454710592868862 -0.63742398974868997 -0.58778525229247369 -0.53582679497899455 -0.48175367410171344 -0.42577929156507105 -0.36812455268467664 -0.3090169943749464 -0.2486898871648541 -0.1873813145857243 -0.12533323356430426 -0.062790519529313749 -7.3476381229342635e-16 0.06279051952931583 0.12533323356430634 0.18738131458572635 0.24868988716485613 0.30901699437494839 0.36812455268467859 0.42577929156507294 0.48175367410171521 0.53582679497899632 0.58778525229247247 0.63742398974869163 0.68454710592869017 0.72896862742141266 0.77051324277579014 0.80901699437494801 0.84432792550201541 0.87630668004386369 0.90482705246601947 0.92977648588825124 0.95105651629515331 0.96858316112863174 0.98228725072868905 0.9921147013144781 0.99802672842827167 1 0.99802672842827156 0.99211470131447776 0.98228725072868872 0.96858316112863119 0.95105651629515275 0.92977648588825057 0.90482705246601869 0.87630668004386281 0.84432792550201441 0.8090169943749469 0.77051324277578881 0.72896862742141133 0.68454710592868873 0.63742398974869008 0.58778525229247092 0.53582679497899466 0.48175367410171349 0.42577929156507116 0.36812455268467675 0.30901699437494656 0.24868988716485424 0.18738131458572441 0.1253332335643044 0.062790519529313873 -2.6954892311248368e-15 -0.062790519529315705 -0.1253332335643062 -0.18738131458572621 -0.24868988716485602 -0.30901699437494828 -0.36812455268467847 -0.42577929156507283 -0.48175367410171516 -0.53582679497899621 -0.58778525229247525 -0.63742398974869152 -0.68454710592869006 -0.72896862742141266 -0.77051324277579003 -0.8090169943749479 -0.84432792550201541 -0.87630668004386369 -0.90482705246601947 -0.92977648588825124 -0.95105651629515442 -0.96858316112863174 -0.98228725072868905 -0.99211470131447799 -0.99802672842827167 -1 -0.99802672842827156 -0.99211470131447776 -0.98228725072868872 -0.9685831611286313 -0.95105651629515275 -0.92977648588825057 -0.90482705246601869 -0.87630668004386281 -0.84432792550201441 -0.8090169943749469 -0.77051324277578892 -0.72896862742141144 -0.68454710592868884 -0.63742398974868741 -0.58778525229247103 